    id english perl python tcl   c word  js css php mysql
0    1      36   45     80  79  49   48  99  65  31    85
1    2      56   41     76  85  82   30  31  92  65    71
2    3      41   75     31  39  34   45  85  66  37    37
3    4      90   53     54  49  44   61  30  87  96    39
4    5      72   94     81  38  60   88  77  65  76    77
5    6      60   62     93  66  93   48  99  66  98    41
6    7      99   84     52  85  85   57  49  36  95    52
7    8      88   88     64  86  62   90  97  39  82    70
8    9      43   43     68  48  86   79  32  73  45    75
9   10      55   99     56  57  46   37  65  68  63    93
10  11      32   38     68  40  82   62  49  34  92    61
11  12      91   48     78  54  32   34  37  46  86    97
12  13      53   88     61  39  70   54  88  69  60    75
13  14      35   44     94  67  45   69  70  88  80    37
14  15      52   74     98  93  33   93  47  42  60    87
15  16      32   54     57  72  65   77  54  58  53    96
16  17      81   53     73  85  37   60  30  97  98    85
17  18      83   32     79  72  61   36  90  73  35    59
18  19      74   83     44  45  66   65  31  82  37    57
19  20      47   90     40  93  60   87  44  89  74    47
20  21      69   88     86  30  60   70  79  60  32    73
21  22      36   40     75  33  32   72  86  51  79    72
22  23      61   33     93  89  69   38  44  46  74    76
23  24      90   69     35  52  83   33  56  93  44    73
24  25      69   56     31  84  90   43  50  54  79    75
25  26      38   30     78  70  34   36  93  53  83    90
26  27      86   52     71  66  59   93  43  64  71    62
27  28      54   53     38  63  91   73  67  42  36    84
28  29      97   46     96  69  50   61  72  55  96    61
29  30      41   79     65  81  99   99  57  77  53    53
